Using CPU...
model arch:
mlp top arch 3 layers, with input to output dimensions:
[8 4 2 1]
# of interactions
8
mlp bot arch 2 layers, with input to output dimensions:
[4 3 2]
# of features (sparse and dense)
4
dense feature size
4
sparse feature size
2
# of embeddings (= # of sparse features) 3, with dimensions 2x:
[4 3 2]
data (inputs and targets):
mini-batch: 0
[[0.69647 0.28614 0.22685 0.55131]
 [0.71947 0.42311 0.98076 0.68483]]
[[1, 2], [1, 1], [1, 1]]
[[1, 0, 1], [0, 1], [1, 0]]
[[0.36179]
 [0.22826]]
mini-batch: 1
[[0.29371 0.63098 0.0921  0.4337 ]
 [0.43086 0.49369 0.42583 0.31226]]
[[1, 2], [1, 2], [1, 1]]
[[3, 0, 2], [1, 1, 2], [1, 1]]
[[0.60306]
 [0.54507]]
initial parameters (weights and bias):
[[-0.15724 -0.19588]
 [-0.08298  0.1813 ]
 [ 0.37546  0.01042]
 [ 0.16931  0.08594]]
[[ 0.14423  0.20171]
 [ 0.3953  -0.48128]
 [ 0.30447 -0.29599]]
[[-0.43243  0.10247]
 [-0.57175  0.54493]]
[[ 0.75758  0.43149  0.02432 -0.12459]
 [-0.64052  0.10665  0.25039 -0.44427]
 [ 0.62122 -0.58648 -1.13484  0.55576]]
[-0.23288 -0.07276 -0.48354]
[[-1.0157   0.79388 -0.43568]
 [ 1.05048  0.51059 -0.19907]]
[-0.76785 -0.51793]
[[-0.49501  0.85206  0.06713  0.46957 -0.51739  0.07391  0.48086 -0.13677]
 [ 0.42095 -0.44277 -0.55663  0.15489 -0.1548   0.26212 -0.80747  0.29078]
 [ 1.06075 -0.01005  0.01394  0.0733  -0.76015  0.17397 -0.65541 -0.1746 ]
 [ 0.5074  -0.30015  0.20463  0.41345  0.1138  -0.55969 -0.13573  0.79993]]
[-1.01252 -0.13789 -0.27605  0.06037]
[[ 0.43198  0.92878 -0.15602  0.46901]
 [ 0.28853  0.27386 -0.32558 -0.5758 ]]
[-0.77785 -0.53488]
[[0.26266 0.62131]]
[0.32347]
time/loss/accuracy (if enabled):
Finished training it 1/2 of epoch 0, -1.00 ms/it, loss 0.085764, accuracy 0.000 %
Finished training it 2/2 of epoch 0, -1.00 ms/it, loss 0.000848, accuracy 0.000 %
updated parameters (weights and bias):
[[-0.15724 -0.19588]
 [-0.08298  0.1813 ]
 [ 0.37546  0.01042]
 [ 0.16931  0.08594]]
[[ 0.14423  0.20171]
 [ 0.3953  -0.48128]
 [ 0.30447 -0.29599]]
[[-0.43243  0.10247]
 [-0.57175  0.54493]]
[[ 0.75758  0.43149  0.02432 -0.12459]
 [-0.64052  0.10665  0.25039 -0.44427]
 [ 0.62122 -0.58648 -1.13484  0.55576]]
[-0.23288 -0.07276 -0.48354]
[[-1.0157   0.79388 -0.43568]
 [ 1.05048  0.51059 -0.19907]]
[-0.76785 -0.51793]
[[-0.49501  0.85206  0.06713  0.46957 -0.51739  0.07391  0.48086 -0.13677]
 [ 0.42095 -0.44277 -0.55663  0.15489 -0.1548   0.26212 -0.80747  0.29078]
 [ 1.06075 -0.01005  0.01394  0.0733  -0.76015  0.17397 -0.65541 -0.1746 ]
 [ 0.5074  -0.30015  0.20463  0.41345  0.1138  -0.55969 -0.13573  0.79993]]
[-1.01252 -0.13789 -0.27605  0.06037]
[[ 0.43198  0.92878 -0.15602  0.46901]
 [ 0.28853  0.27386 -0.32558 -0.5758 ]]
[-0.77785 -0.53488]
[[0.26266 0.62131]]
[0.30945]
