Using CPU...
model arch:
mlp top arch 3 layers, with input to output dimensions:
[8 4 2 1]
# of interactions
8
mlp bot arch 2 layers, with input to output dimensions:
[4 3 2]
# of features (sparse and dense)
4
dense feature size
4
sparse feature size
2
# of embeddings (= # of sparse features) 3, with dimensions 2x:
[4 3 2]
data (inputs and targets):
mini-batch: 0
[[0.69647 0.28614 0.22685 0.55131]
 [0.71947 0.42311 0.98076 0.68483]]
[[1, 2], [1, 1], [1, 1]]
[[1, 0, 1], [0, 1], [1, 0]]
[[0.36179]
 [0.22826]]
mini-batch: 1
[[0.29371 0.63098 0.0921  0.4337 ]
 [0.43086 0.49369 0.42583 0.31226]]
[[1, 2], [1, 2], [1, 1]]
[[3, 0, 2], [1, 1, 2], [1, 1]]
[[0.60306]
 [0.54507]]
mini-batch: 2
[[0.34276 0.30412 0.41702 0.6813 ]]
[[1], [2], [1]]
[[2], [0, 2], [0]]
[[0.57246]]
initial parameters (weights and bias):
[[-0.40429  0.38533]
 [ 0.12725  0.22342]
 [-0.48387  0.09443]
 [ 0.05679 -0.34104]]
[[-0.4006   0.22578]
 [-0.20927  0.22167]
 [ 0.0628  -0.12823]]
[[ 0.60123  0.48319]
 [-0.20167 -0.64546]]
[[-0.44767 -0.85842  0.67095 -0.36822]
 [ 0.88782  0.43152 -0.16825 -0.58044]
 [-0.39152 -0.64812  1.11561  0.0879 ]]
[ 0.66407 -0.73171  0.10452]
[[ 0.74495 -0.21188  0.65213]
 [-0.68594 -0.86234  0.23995]]
[-0.26812  0.454  ]
[[-0.80747  0.29078  1.06075 -0.01005  0.01394  0.0733  -0.76015  0.17397]
 [-0.65541 -0.1746   0.5074  -0.30015  0.20463  0.41345  0.1138  -0.55969]
 [-0.13573  0.79993 -0.82672 -0.11259 -0.2254   0.04929  0.30546  0.65675]
 [-0.11032  0.33164  0.20402  0.19365 -0.23022 -0.40715 -0.44909 -0.30881]]
[ 0.16084  0.38047  0.16173 -0.27448]
[[ 1.04268  0.87692 -0.20438 -0.47541]
 [ 0.07518  0.73168  0.19212  0.32132]]
[-0.14996  0.32263]
[[ 1.26112 -0.19569]]
[0.14331]
time/loss/accuracy (if enabled):
Finished training it 1/3 of epoch 0, -1.00 ms/it, loss 0.082442, accuracy 0.000 %
Finished training it 2/3 of epoch 0, -1.00 ms/it, loss 0.013636, accuracy 0.000 %
Finished training it 3/3 of epoch 0, -1.00 ms/it, loss 0.001983, accuracy 0.000 %
updated parameters (weights and bias):
[[-0.40699  0.37899]
 [ 0.12524  0.2123 ]
 [-0.48356  0.09   ]
 [ 0.05681 -0.34105]]
[[-0.40035  0.22561]
 [-0.20419  0.22268]
 [ 0.06422 -0.12866]]
[[ 0.59731  0.48325]
 [-0.20463 -0.64505]]
[[-0.44427 -0.8555   0.67639 -0.36347]
 [ 0.88782  0.43152 -0.16825 -0.58044]
 [-0.38915 -0.64653  1.11876  0.09124]]
[ 0.67137 -0.73171  0.10917]
[[ 0.74775 -0.21188  0.65621]
 [-0.6869  -0.86234  0.23863]]
[-0.2596   0.45277]
[[-0.80787  0.28518  1.0595  -0.01091  0.01283  0.07567 -0.75758  0.17506]
 [-0.65908 -0.18144  0.50592 -0.30068  0.20249  0.41205  0.11471 -0.55871]
 [-0.1346   0.80195 -0.82623 -0.11245 -0.22471  0.04979  0.30512  0.65646]
 [-0.11032  0.3334   0.20441  0.19405 -0.23022 -0.4083  -0.44981 -0.30909]]
[ 0.14605  0.3621   0.16723 -0.27023]
[[ 1.03632  0.86993 -0.21111 -0.47627]
 [ 0.07618  0.73272  0.19285  0.32146]]
[-0.17364  0.32585]
[[ 1.25534 -0.20613]]
[0.12697]
